MD7193_lane1_97_20221102_145250.jpg 1 327 253 515 234 512 277 329 300 7 1 0.5597765363128492 0.24537037037037038 0.053631284916201116 0.5648148148148148 7 0.46368715083798884 0.25462962962962965 0.0782122905027933 0.5555555555555556 J 0.753072625698324 0.21296296296296297 0.08044692737430167 0.5833333333333334 J 0.8502793296089386 0.19907407407407407 0.08044692737430167 0.5879629629629629 M 0.1553072625698324 0.2175925925925926 0.08715083798882682 0.5694444444444444 D 0.26033519553072626 0.2361111111111111 0.07709497206703911 0.5509259259259259 9 0.6312849162011173 0.24537037037037038 0.07932960893854749 0.5694444444444444
MD558LJ_lane1_96_20221029_082959.jpg 1 248 313 440 285 442 331 251 356 7 5 0.4919957310565635 0.2175925925925926 0.08217716115261472 0.6018518518518519 M 0.16435432230522945 0.18981481481481483 0.09925293489861259 0.625 D 0.27961579509071505 0.21296296296296297 0.08431163287086446 0.6018518518518519 5 0.5912486659551761 0.21296296296296297 0.08004268943436499 0.6018518518518519 8 0.6851654215581644 0.22685185185185186 0.07577374599786553 0.5787037037037037 L 0.7940234791889007 0.21296296296296297 0.06510138740661686 0.5833333333333334 J 0.8772678762006404 0.19444444444444445 0.07470651013874066 0.5787037037037037
12282863.jpg 1 604 572 828 568 831 609 605 614 7 C 0.781774580336 0.0974025974026 0.0851318944844 0.831168831169 S 0.886091127098 0.11038961039 0.0803357314149 0.818181818182 3 0.454436450839 0.103896103896 0.0815347721823 0.818181818182 5 0.551558752998 0.103896103896 0.083932853717 0.818181818182 2 0.653477218225 0.0974025974026 0.0827338129496 0.818181818182 W 0.219424460432 0.103896103896 0.10551558753 0.811688311688 O 0.121103117506 0.103896103896 0.0827338129496 0.805194805195
12365363.jpg 1 857 909 1145 901 1145 952 855 962 7 9 0.539719626168 0.0909090909091 0.0817757009346 0.824675324675 7 0.73714953271 0.103896103896 0.0771028037383 0.811688311688 W 0.851635514019 0.103896103896 0.101635514019 0.811688311688 0 0.442757009346 0.0974025974026 0.0817757009346 0.811688311688 5 0.343457943925 0.103896103896 0.0829439252336 0.805194805195 2 0.640186915888 0.0909090909091 0.0759345794393 0.811688311688 W 0.115654205607 0.116883116883 0.0992990654206 0.805194805195
BL833DK_lane1_97_20221102_073302.jpg 1 420 332 610 302 604 347 418 375 7 L 0.2723358449946179 0.26851851851851855 0.07642626480086114 0.5555555555555556 3 0.6684607104413348 0.26851851851851855 0.0968783638320775 0.5462962962962963 D 0.7739504843918191 0.26851851851851855 0.09257265877287406 0.5462962962962963 B 0.1689989235737352 0.2638888888888889 0.08934337997847147 0.5370370370370371 K 0.860064585575888 0.2175925925925926 0.08826695371367062 0.5694444444444444 8 0.47685683530678147 0.28703703703703703 0.07965554359526372 0.5416666666666666 3 0.573735199138859 0.2916666666666667 0.07857911733046287 0.5370370370370372
W44281F_lane1_96_20221102_122607.jpg 1 424 271 600 240 599 285 421 318 7 F 0.8471563981042654 0.16666666666666666 0.08649289099526067 0.5138888888888888 4 0.4609004739336493 0.125 0.07938388625592417 0.5509259259259259 2 0.5592417061611374 0.13425925925925927 0.07938388625592417 0.5416666666666666 4 0.3471563981042654 0.125 0.0947867298578199 0.5277777777777778 W 0.13981042654028436 0.12037037037037036 0.10545023696682465 0.5694444444444444 1 0.7523696682464455 0.1388888888888889 0.054502369668246446 0.5462962962962963 8 0.6563981042654028 0.1388888888888889 0.07582938388625593 0.5416666666666666
12346009.jpg 1 494 450 659 443 658 492 494 498 7 9 0.625239005736 0.11038961039 0.093690248566 0.746753246753 5 0.732313575526 0.103896103896 0.0975143403442 0.746753246753 4 0.843212237094 0.11038961039 0.105162523901 0.74025974026 4 0.235181644359 0.0649350649351 0.114722753346 0.811688311688 W 0.0726577437859 0.0909090909091 0.147227533461 0.785714285714 2 0.357552581262 0.11038961039 0.0898661567878 0.746753246753 8 0.466539196941 0.11038961039 0.0975143403442 0.746753246753
12338697.jpg 1 589 634 813 633 812 674 588 674 6 8 0.425381903643 0.123376623377 0.0763807285546 0.798701298701 9 0.521739130435 0.123376623377 0.0775558166863 0.798701298701 1 0.62044653349 0.123376623377 0.0517038777908 0.785714285714 T 0.719153936545 0.123376623377 0.0740305522914 0.785714285714 H 0.814336075206 0.116883116883 0.0763807285546 0.785714285714 S 0.215041128085 0.123376623377 0.0787309048179 0.805194805195
VN393DB_lane1_95_20221103_121455.jpg 1 403 296 590 267 583 316 404 346 7 3 0.4645962732919255 0.22685185185185186 0.07950310559006211 0.5092592592592593 9 0.5627329192546584 0.23148148148148148 0.07701863354037267 0.5046296296296297 N 0.25838509316770186 0.2175925925925926 0.08322981366459627 0.5138888888888888 3 0.6583850931677019 0.2222222222222222 0.0782608695652174 0.5092592592592593 W 0.14037267080745341 0.21296296296296297 0.1031055900621118 0.5138888888888888 D 0.782608695652174 0.2222222222222222 0.07950310559006211 0.5 B 0.8770186335403727 0.2175925925925926 0.07950310559006211 0.5
MD8891_lane1_97_20221102_130527.jpg 1 394 257 569 232 565 283 392 305 7 9 0.7071895424836602 0.24537037037037038 0.07450980392156863 0.49074074074074076 D 0.3006535947712418 0.2361111111111111 0.08627450980392157 0.49537037037037035 M 0.1803921568627451 0.2037037037037037 0.10065359477124183 0.5231481481481481 G 0.873202614379085 0.2175925925925926 0.06928104575163399 0.47685185185185186 I 0.8248366013071895 0.22685185185185186 0.032679738562091505 0.49074074074074076 8 0.5189542483660131 0.25925925925925924 0.07712418300653595 0.49537037037037035 8 0.615686274509804 0.25 0.07450980392156863 0.5
BMD417F_lane1_88_20221031_124052.jpg 1 376 230 533 201 530 240 374 270 7 7 0.6766398158803222 0.26851851851851855 0.0805523590333717 0.5972222222222222 F 0.8457997698504027 0.22685185185185186 0.07940161104718067 0.6203703703703703 D 0.3003452243958573 0.27314814814814814 0.08285385500575373 0.5740740740740741 M 0.18757192174913695 0.24074074074074073 0.09551208285385501 0.6018518518518519 I 0.7951668584579977 0.2361111111111111 0.03222094361334868 0.6342592592592593 4 0.5074798619102416 0.2638888888888889 0.0805523590333717 0.6111111111111112 1 0.6041426927502876 0.2638888888888889 0.05753739930955121 0.6018518518518519
12366160.jpg 1 838 599 1079 598 1084 644 839 648 7 6 0.642493638677 0.136363636364 0.0788804071247 0.785714285714 2 0.547073791349 0.12987012987 0.0737913486005 0.785714285714 3 0.449109414758 0.142857142857 0.0687022900763 0.772727272727 6 0.349872773537 0.116883116883 0.0725190839695 0.785714285714 M 0.876590330789 0.12987012987 0.0865139949109 0.772727272727 W 0.119592875318 0.142857142857 0.0992366412214 0.74025974026 4 0.748091603053 0.136363636364 0.0699745547074 0.811688311688
MD725EG_lane1_98_20221031_111424.jpg 1 315 317 500 288 499 331 313 358 7 E 0.7842323651452282 0.25462962962962965 0.07780082987551867 0.5925925925925926 G 0.8734439834024896 0.25462962962962965 0.07468879668049792 0.5787037037037037 7 0.48132780082987553 0.2824074074074074 0.07987551867219916 0.6064814814814815 D 0.27074688796680496 0.2777777777777778 0.08506224066390042 0.6064814814814815 M 0.15560165975103735 0.25925925925925924 0.09854771784232365 0.6157407407407407 2 0.5767634854771784 0.2777777777777778 0.07987551867219916 0.5972222222222222 5 0.6721991701244814 0.26851851851851855 0.07780082987551867 0.5972222222222222
AM1657_lane1_88_20221025_160119.jpg 1 404 468 625 430 620 470 402 510 7 5 0.5474764756201882 0.14351851851851852 0.08212147134302823 0.6805555555555556 K 0.8605645851154833 0.1527777777777778 0.08468776732249786 0.6712962962962963 6 0.4508126603934987 0.1574074074074074 0.07698887938408897 0.6666666666666666 A 0.13344739093242086 0.1388888888888889 0.0949529512403764 0.6805555555555556 7 0.6441402908468776 0.1527777777777778 0.07955517536355859 0.6666666666666666 J 0.7639007698887939 0.16203703703703703 0.08126603934987169 0.6574074074074074 M 0.23952095808383234 0.13425925925925927 0.08639863130881095 0.6898148148148148
BL833DK_lane1_97_20221031_113931.jpg 1 345 284 522 260 517 303 342 323 7 3 0.6860215053763441 0.25462962962962965 0.1 0.5462962962962963 D 0.7935483870967742 0.24074074074074073 0.08387096774193549 0.5509259259259259 K 0.8806451612903226 0.19444444444444445 0.08494623655913978 0.5648148148148148 L 0.2903225806451613 0.25 0.07849462365591398 0.6157407407407407 8 0.4956989247311828 0.2638888888888889 0.07849462365591398 0.5555555555555556 B 0.1817204301075269 0.25 0.09032258064516129 0.5648148148148148 3 0.5913978494623656 0.26851851851851855 0.07741935483870968 0.5462962962962963
MD379LW_lane1_97_20221103_095331.jpg 1 430 417 634 375 632 421 429 463 7 3 0.4635897435897436 0.22685185185185186 0.08102564102564103 0.5925925925925926 M 0.14256410256410257 0.19444444444444445 0.09743589743589744 0.6203703703703703 D 0.2553846153846154 0.2175925925925926 0.0841025641025641 0.5925925925925926 9 0.6553846153846153 0.2175925925925926 0.08 0.5925925925925926 W 0.8594871794871795 0.18518518518518517 0.09948717948717949 0.6157407407407407 L 0.7682051282051282 0.19907407407407407 0.06769230769230769 0.6018518518518519 7 0.5620512820512821 0.2222222222222222 0.08102564102564103 0.6018518518518519
MD623KYK_lane1_88_20221029_112809.jpg 1 629 450 809 402 803 445 624 498 7 6 0.44141069397042093 0.19444444444444445 0.08304891922639362 0.6805555555555556 D 0.23890784982935154 0.24074074074074073 0.08191126279863481 0.6296296296296297 M 0.1353811149032992 0.20833333333333334 0.09101251422070535 0.6527777777777778 2 0.5324232081911263 0.2037037037037037 0.0875995449374289 0.6388888888888888 3 0.6257110352673493 0.18981481481481483 0.08532423208191127 0.6435185185185185 K 0.7394766780432309 0.1527777777777778 0.09101251422070535 0.6759259259259259 W 0.8407281001137656 0.1527777777777778 0.11262798634812286 0.6666666666666666
MD3201_lane1_98_20221103_090205.jpg 1 336 142 496 121 492 164 334 181 7 M 0.18311533888228299 0.22685185185185186 0.10107015457788347 0.5833333333333334 D 0.30202140309155767 0.24537037037037038 0.08561236623067776 0.5601851851851852 3 0.5136741973840666 0.24074074074074073 0.08085612366230678 0.5601851851851852 I 0.8097502972651606 0.2222222222222222 0.041617122473246136 0.5416666666666666 2 0.6087990487514863 0.2361111111111111 0.07728894173602854 0.5555555555555556 0 0.7003567181926278 0.23148148148148148 0.07609988109393578 0.5509259259259259 U 0.8644470868014269 0.2037037037037037 0.07253269916765755 0.5416666666666666
11792964.jpg 1 776 569 958 563 958 600 775 608 7 3 0.77027027027 0.0844155844156 0.0905405405405 0.824675324675 B 0.505405405405 0.0974025974026 0.0918918918919 0.811688311688 9 0.660810810811 0.0974025974026 0.0932432432432 0.811688311688 9 0.145945945946 0.103896103896 0.0905405405405 0.805194805195 9 0.25 0.11038961039 0.0905405405405 0.798701298701 L 0.401351351351 0.0974025974026 0.0932432432432 0.805194805195 8 0.874324324324 0.0974025974026 0.0945945945946 0.824675324675
MD096NT_lane1_97_20221031_085532.jpg 1 300 184 447 156 447 194 302 222 6 T 0.8376777251184834 0.17592592592592593 0.08056872037914692 0.5787037037037037 N 0.7393364928909952 0.16666666666666666 0.0924170616113744 0.6203703703703703 9 0.523696682464455 0.19907407407407407 0.08412322274881516 0.5740740740740741 M 0.2037914691943128 0.1712962962962963 0.09597156398104266 0.5972222222222222 D 0.31398104265402843 0.19444444444444445 0.08649289099526067 0.5740740740740741 6 0.6208530805687204 0.18981481481481483 0.08175355450236967 0.5740740740740741
W94075E_lane1_97_20221102_135243.jpg 1 382 279 560 242 558 284 383 324 7 W 0.14397321428571427 0.22685185185185186 0.10267857142857142 0.5972222222222222 E 0.8772321428571429 0.2222222222222222 0.08035714285714286 0.5879629629629629 4 0.47098214285714285 0.24074074074074073 0.078125 0.6018518518518519 9 0.3716517857142857 0.24537037037037038 0.08035714285714286 0.5972222222222222 7 0.6640625 0.23148148148148148 0.078125 0.6064814814814815 0 0.5669642857142857 0.24074074074074073 0.078125 0.5972222222222222 5 0.7600446428571429 0.23148148148148148 0.078125 0.5972222222222222
12236315.jpg 1 879 882 1095 818 1086 860 871 926 6 L 0.193426042984 0.116883116883 0.070796460177 0.792207792208 T 0.817951959545 0.116883116883 0.070796460177 0.785714285714 8 0.500632111252 0.12987012987 0.0758533501896 0.792207792208 7 0.399494310999 0.136363636364 0.0758533501896 0.785714285714 P 0.721871049305 0.12987012987 0.0733249051833 0.785714285714 7 0.601769911504 0.136363636364 0.0720606826802 0.779220779221
MD2733_lane1_98_20221103_130433.jpg 1 326 259 509 237 508 281 325 303 7 2 0.46408839779005523 0.19444444444444445 0.08176795580110498 0.5509259259259259 7 0.5646408839779006 0.19907407407407407 0.08066298342541436 0.5462962962962963 M 0.14696132596685083 0.1712962962962963 0.09392265193370165 0.5694444444444444 3 0.6596685082872928 0.19907407407407407 0.07624309392265194 0.5416666666666666 J 0.7767955801104972 0.18055555555555555 0.08176795580110498 0.5555555555555556 D 0.2585635359116022 0.19444444444444445 0.081767955801105 0.5416666666666666 F 0.8685082872928177 0.18055555555555555 0.08176795580110498 0.5509259259259259
NU586EL_lane1_94_20221102_081316.jpg 1 308 309 510 279 511 332 310 359 7 5 0.4912075029308324 0.22685185185185186 0.08558030480656506 0.5277777777777778 W 0.15240328253223914 0.2037037037037037 0.1160609613130129 0.5462962962962963 8 0.5861664712778429 0.23148148148148148 0.07854630715123095 0.5138888888888888 6 0.6799531066822978 0.22685185185185186 0.07971864009378664 0.5092592592592593 E 0.7971864009378663 0.20833333333333334 0.08089097303634232 0.5138888888888888 L 0.8815943728018757 0.18981481481481483 0.06799531066822978 0.5185185185185185 U 0.2801875732708089 0.21296296296296297 0.09026963657678781 0.5416666666666666
11733361.jpg 1 847 739 1040 724 1038 764 846 780 7 H 0.534059945504 0.103896103896 0.0940054495913 0.844155844156 9 0.160762942779 0.103896103896 0.0980926430518 0.837662337662 9 0.271117166213 0.103896103896 0.0953678474114 0.837662337662 L 0.427792915531 0.103896103896 0.0940054495913 0.837662337662 5 0.787465940054 0.0844155844156 0.0871934604905 0.844155844156 5 0.686648501362 0.0909090909091 0.0885558583106 0.837662337662 5 0.885558583106 0.0844155844156 0.0899182561308 0.837662337662
MD99OM_lane1_95_20221102_132339.jpg 1 353 160 515 134 514 180 352 207 6 9 0.5931758530183727 0.2222222222222222 0.07874015748031496 0.5 9 0.5 0.2222222222222222 0.07611548556430446 0.49537037037037035 M 0.18766404199475065 0.19444444444444445 0.09186351706036745 0.5092592592592593 D 0.29658792650918636 0.21296296296296297 0.07874015748031496 0.49074074074074076 0 0.6889763779527559 0.22685185185185186 0.07480314960629922 0.5046296296296297 M 0.8083989501312336 0.2175925925925926 0.08661417322834646 0.5092592592592593
MDQ561M_lane1_94_20221103_115620.jpg 1 412 317 600 286 596 328 409 359 7 1 0.6611909650924025 0.19907407407407407 0.054414784394250515 0.6342592592592593 F 0.8552361396303901 0.17592592592592593 0.0811088295687885 0.6527777777777778 M 0.7535934291581109 0.19444444444444445 0.08624229979466119 0.6296296296296297 M 0.15195071868583163 0.20833333333333334 0.09856262833675565 0.6481481481481481 6 0.5657084188911704 0.2175925925925926 0.08008213552361396 0.6296296296296297 5 0.4702258726899384 0.2222222222222222 0.07802874743326489 0.625 D 0.26283367556468173 0.23148148148148148 0.08316221765913757 0.6157407407407407
12366157.jpg 1 758 656 1027 636 1035 687 764 715 6 A 0.733067729084 0.11038961039 0.104913678619 0.863636363636 W 0.0265604249668 0.12987012987 0.118193891102 0.831168831169 5 0.274900398406 0.12987012987 0.0982735723772 0.824675324675 5 0.382470119522 0.12987012987 0.0942895086321 0.837662337662 C 0.515272244356 0.11038961039 0.0982735723772 0.87012987013 J 0.622841965471 0.11038961039 0.100929614874 0.863636363636
12096298.jpg 1 329 408 497 408 496 439 328 441 7 9 0.138613861386 0.11038961039 0.095297029703 0.844155844156 9 0.242574257426 0.11038961039 0.0928217821782 0.857142857143 M 0.392326732673 0.116883116883 0.0928217821782 0.857142857143 A 0.496287128713 0.116883116883 0.095297029703 0.863636363636 9 0.649752475248 0.11038961039 0.100247524752 0.876623376623 1 0.780940594059 0.103896103896 0.0507425742574 0.87012987013 7 0.866336633663 0.103896103896 0.100247524752 0.876623376623
MD32KW_lane1_100_20221102_140638.jpg 1 427 283 601 249 599 292 426 328 7 3 0.4504608294930876 0.23148148148148148 0.07949308755760369 0.6018518518518519 K 0.761520737327189 0.21296296296296297 0.07603686635944701 0.6157407407407407 2 0.5495391705069125 0.2361111111111111 0.0771889400921659 0.5925925925925926 M 0.1347926267281106 0.21296296296296297 0.09101382488479262 0.6111111111111112 D 0.24423963133640553 0.23148148148148148 0.08064516129032258 0.5925925925925926 W 0.8548387096774194 0.19444444444444445 0.097926267281106 0.6203703703703703 3 0.6451612903225806 0.22685185185185186 0.0748847926267281 0.6064814814814815
BMD969S_lane1_93_20221031_080406.jpg 1 265 334 434 295 436 342 265 379 7 6 0.5770171149144254 0.19444444444444445 0.07701711491442542 0.5277777777777778 9 0.6711491442542787 0.19907407407407407 0.07946210268948656 0.5231481481481481 J 0.7860635696821516 0.18518518518518517 0.07946210268948656 0.5324074074074074 S 0.8765281173594132 0.19444444444444445 0.0745721271393643 0.5138888888888888 M 0.1552567237163814 0.19444444444444445 0.10024449877750612 0.5324074074074074 9 0.4792176039119804 0.19907407407407407 0.08190709046454768 0.5277777777777778 D 0.2701711491442543 0.20833333333333334 0.08679706601466992 0.5185185185185185
W54248I_lane1_98_20221102_140333.jpg 1 343 318 539 290 535 334 344 359 7 8 0.7898989898989899 0.23148148148148148 0.07373737373737374 0.5740740740740741 W 0.17777777777777778 0.2222222222222222 0.10808080808080808 0.6342592592592593 5 0.4131313131313131 0.24074074074074073 0.08080808080808081 0.6157407407407407 I 0.9111111111111111 0.19907407407407407 0.028282828282828285 0.5972222222222222 4 0.5111111111111111 0.22685185185185186 0.07878787878787885 0.6203703703703703 2 0.6060606060606061 0.2361111111111111 0.07878787878787878 0.5972222222222222 4 0.697979797979798 0.2222222222222222 0.07676767676767676 0.6018518518518519
11651696.jpg 1 359 566 618 587 614 645 354 618 7 1 0.188445667125 0.0779220779221 0.0495185694635 0.857142857143 A 0.427785419532 0.0779220779221 0.0921595598349 0.844155844156 0 0.270976616231 0.0844155844156 0.0962861072902 0.837662337662 B 0.529573590096 0.0844155844156 0.0921595598349 0.837662337662 0 0.679504814305 0.0974025974026 0.0907840440165 0.818181818182 4 0.781292984869 0.0974025974026 0.0894085281981 0.805194805195 0 0.881705639615 0.103896103896 0.0894085281981 0.798701298701
12485281.jpg 1 531 845 736 846 737 894 531 891 7 0 0.875185735513 0.0714285714286 0.0936106983655 0.850649350649 9 0.252600297177 0.103896103896 0.0950965824666 0.850649350649 9 0.151560178306 0.11038961039 0.0921248142645 0.844155844156 H 0.405646359584 0.0974025974026 0.0950965824666 0.850649350649 H 0.509658246657 0.0844155844156 0.0965824665676 0.850649350649 0 0.667161961367 0.0909090909091 0.0936106983655 0.844155844156 3 0.775631500743 0.0714285714286 0.0876671619614 0.850649350649
12288441.jpg 1 217 646 440 668 440 713 218 692 6 R 0.702380952381 0.12987012987 0.0886243386243 0.824675324675 3 0.571428571429 0.123376623377 0.0846560846561 0.824675324675 P 0.805555555556 0.123376623377 0.0873015873016 0.824675324675 8 0.472222222222 0.12987012987 0.0833333333333 0.818181818182 7 0.373015873016 0.136363636364 0.0793650793651 0.805194805195 G 0.175925925926 0.12987012987 0.0780423280423 0.792207792208
11643846.jpg 1 894 687 1132 655 1137 703 899 738 7 0 0.775537634409 0.0649350649351 0.0927419354839 0.863636363636 0 0.881720430108 0.0649350649351 0.0900537634409 0.857142857143 1 0.17876344086 0.0454545454545 0.0497311827957 0.909090909091 0 0.262096774194 0.0584415584416 0.0994623655914 0.88961038961 U 0.416666666667 0.0584415584416 0.0994623655914 0.876623376623 U 0.525537634409 0.0584415584416 0.0927419354839 0.876623376623 2 0.680107526882 0.0649350649351 0.0846774193548 0.87012987013
V574787_lane1_88_20221031_160110.jpg 1 446 437 644 394 641 443 444 488 7 J 0.872852233676976 0.2037037037037037 0.0882016036655212 0.5787037037037037 7 0.572737686139748 0.25925925925925924 0.09392898052691874 0.6064814814814815 4 0.4833906071019473 0.27314814814814814 0.08247422680412371 0.5740740740740741 7 0.38831615120274915 0.25 0.08247422680412371 0.5740740740740741 W 0.14776632302405499 0.2361111111111111 0.10996563573883161 0.5694444444444444 8 0.6815578465063001 0.26851851851851855 0.07560137457044673 0.5555555555555556 7 0.7731958762886598 0.24074074074074073 0.08132875143184422 0.5648148148148148
MDO146L_lane1_91_20221103_093100.jpg 1 383 274 550 242 548 282 382 311 7 1 0.5395152792413066 0.3333333333333333 0.06111696522655427 0.625 4 0.6164383561643836 0.30092592592592593 0.07481559536354057 0.6157407407407407 6 0.7049525816649105 0.25 0.06954689146469968 0.6342592592592593 D 0.30979978925184404 0.24537037037037038 0.09062170706006323 0.6342592592592593 M 0.18440463645943098 0.18055555555555555 0.10642781875658588 0.6712962962962963 L 0.8061116965226555 0.2175925925925926 0.06217070600632244 0.6342592592592593 V 0.8851422550052687 0.1527777777777778 0.0821917808219178 0.6759259259259259
MD3323Y_lane1_87_20221031_095619.jpg 1 385 358 581 331 578 377 383 406 7 2 0.652317880794702 0.23148148148148148 0.08719646799116998 0.5509259259259259 M 0.1456953642384106 0.2222222222222222 0.09492273730684327 0.5555555555555556 D 0.2560706401766004 0.24537037037037038 0.08388520971302428 0.5324074074074074 J 0.7748344370860927 0.18981481481481483 0.08388520971302428 0.5787037037037037 Y 0.8730684326710817 0.1712962962962963 0.0772626931567329 0.5787037037037037 3 0.5607064017660044 0.24074074074074073 0.08057395143487858 0.5509259259259259 3 0.46357615894039733 0.24537037037037038 0.07947019867549669 0.5416666666666666
VB158DK_lane1_97_20221025_155217.jpg 1 234 387 424 351 422 396 236 431 7 8 0.6551724137931034 0.18518518518518517 0.07435344827586207 0.5092592592592593 D 0.7704741379310345 0.18518518518518517 0.07974137931034483 0.5 K 0.8631465517241379 0.1712962962962963 0.08405172413793104 0.5046296296296297 W 0.17349137931034483 0.18055555555555555 0.10129310344827586 0.5277777777777778 B 0.28987068965517243 0.18981481481481483 0.07866379310344827 0.5185185185185185 1 0.49245689655172414 0.18981481481481483 0.05495689655172414 0.5185185185185185 5 0.5614224137931034 0.19444444444444445 0.07974137931034483 0.5046296296296297
WZBAU49_lane1_85_20221102_102157.jpg 1 370 264 553 235 551 277 372 309 7 W 0.12843029637760703 0.22685185185185186 0.09879253567508232 0.6018518518518519 U 0.6531284302963776 0.2361111111111111 0.0845225027442371 0.625 4 0.7815587266739846 0.24074074074074073 0.08122941822173436 0.6157407407407407 Z 0.3512623490669594 0.25462962962962965 0.08562019758507135 0.5972222222222222 A 0.54006586169045 0.25925925925925924 0.09659714599341389 0.5925925925925926 B 0.4478594950603732 0.2638888888888889 0.08122941822173436 0.5879629629629629 9 0.8814489571899012 0.24074074074074073 0.07903402854006586 0.6064814814814815
MD408KB_lane1_96_20221103_075423.jpg 1 512 371 695 329 691 374 510 413 7 8 0.6782231852654388 0.2037037037037037 0.07367280606717226 0.625 K 0.7865655471289275 0.1712962962962963 0.0790899241603467 0.6481481481481481 B 0.8678223185265439 0.18055555555555555 0.0790899241603467 0.6203703703703703 M 0.15384615384615385 0.19907407407407407 0.10184182015167931 0.6481481481481481 4 0.48429035752979416 0.21296296296296297 0.08125677139761647 0.6296296296296297 0 0.5828819068255688 0.20833333333333334 0.0780065005417118 0.6296296296296297 D 0.26977248104008666 0.22685185185185186 0.08775731310942579 0.6111111111111112
12215151.jpg 1 416 697 660 694 659 739 416 742 6 L 0.207683073229 0.116883116883 0.0672268907563 0.772727272727 5 0.406962785114 0.11038961039 0.0828331332533 0.805194805195 1 0.501800720288 0.103896103896 0.0564225690276 0.805194805195 3 0.578631452581 0.0844155844156 0.0828331332533 0.824675324675 P 0.705882352941 0.11038961039 0.0816326530612 0.805194805195 C 0.807923169268 0.103896103896 0.0816326530612 0.811688311688
12232879.jpg 1 529 870 943 874 939 941 531 940 7 L 0.267605633803 0.168831168831 0.068255687974 0.779220779221 E 0.7616468039 0.142857142857 0.0812567713976 0.798701298701 I 0.872156013001 0.12987012987 0.0249187432286 0.805194805195 4 0.462621885157 0.181818181818 0.0790899241603 0.785714285714 1 0.659804983749 0.155844155844 0.0541711809317 0.805194805195 6 0.560130010834 0.175324675325 0.080173347779 0.785714285714 V 0.1744312026 0.155844155844 0.0758396533044 0.798701298701
MDW138E_lane1_93_20221102_130037.jpg 1 467 322 647 281 644 327 467 369 7 D 0.29294117647058826 0.24074074074074073 0.0811764705882353 0.5462962962962963 M 0.1811764705882353 0.20833333333333334 0.09411764705882353 0.5740740740740741 I 0.8776470588235294 0.24537037037037038 0.04 0.5694444444444444 1 0.5023529411764706 0.25462962962962965 0.05411764705882353 0.5694444444444444 3 0.571764705882353 0.25462962962962965 0.07411764705882352 0.5555555555555556 8 0.6635294117647059 0.25462962962962965 0.07882352941176471 0.5555555555555556 E 0.7823529411764706 0.2638888888888889 0.07882352941176471 0.5462962962962963
MD372GR_lane1_97_20221102_085253.jpg 1 369 429 573 394 572 450 374 477 7 3 0.5088967971530249 0.21296296296296297 0.08066429418742586 0.5092592592592593 M 0.166073546856465 0.1712962962962963 0.12099644128113879 0.5324074074074074 D 0.2870699881376038 0.2037037037037037 0.09608540925266904 0.49537037037037035 2 0.6927639383155397 0.2037037037037037 0.08066429418742586 0.49537037037037035 G 0.8018979833926453 0.19444444444444445 0.07473309608540925 0.5 R 0.8849347568208779 0.18518518518518517 0.07473309608540925 0.49074074074074076 7 0.6026097271648873 0.19444444444444445 0.0830367734282325 0.5277777777777778
MDALD1_lane1_97_20221102_093438.jpg 1 261 239 434 212 435 254 263 279 6 M 0.2113289760348584 0.19907407407407407 0.10021786492374728 0.6342592592592593 D 0.3289760348583878 0.21296296296296297 0.0860566448801743 0.6203703703703703 L 0.6459694989106753 0.21296296296296297 0.06971677559912855 0.6157407407407407 D 0.7309368191721133 0.2175925925925926 0.07734204793028322 0.6111111111111112 1 0.8507625272331155 0.19907407407407407 0.054466230936819175 0.6157407407407407 S 0.5337690631808278 0.2037037037037037 0.10021786492374728 0.6342592592592593
MD702MD_lane1_98_20221031_074821.jpg 1 426 380 631 342 627 393 425 429 7 M 0.15246636771300448 0.2037037037037037 0.09977578475336323 0.5972222222222222 D 0.8778026905829597 0.24537037037037038 0.07623318385650224 0.5555555555555556 D 0.26681614349775784 0.23148148148148148 0.08520179372197309 0.5601851851851852 M 0.7802690582959642 0.22685185185185186 0.08632286995515695 0.5879629629629629 7 0.476457399103139 0.24074074074074073 0.08071748878923767 0.5740740740740741 0 0.5739910313901345 0.25 0.0773542600896861 0.5648148148148148 2 0.6647982062780269 0.24537037037037038 0.08071748878923767 0.5648148148148148
NK151HF_lane1_97_20221103_075047.jpg 1 343 231 528 208 525 251 342 273 7 N 0.1806588735387885 0.2037037037037037 0.08926673751328375 0.6111111111111112 1 0.4867162592986185 0.19907407407407407 0.05951115834218916 0.6018518518518519 5 0.5568544102019128 0.19907407407407407 0.08289054197662062 0.5972222222222222 1 0.6546227417640808 0.18981481481481483 0.057385759829968117 0.6018518518518519 H 0.7460148777895855 0.17592592592592593 0.07863974495217853 0.6111111111111112 F 0.8395324123273114 0.1712962962962963 0.0765143464399575 0.6064814814814815 K 0.2826780021253985 0.18981481481481483 0.08501594048884166 0.625
VB436GN_lane1_97_20221102_120836.jpg 1 383 309 584 281 577 330 381 357 7 W 0.1463963963963964 0.19907407407407407 0.10810810810810811 0.5046296296296297 4 0.4797297297297297 0.20833333333333334 0.08108108108108109 0.49537037037037035 G 0.7905405405405406 0.16666666666666666 0.07657657657657657 0.5277777777777778 3 0.5754504504504504 0.21296296296296297 0.07995495495495501 0.48148148148148145 6 0.6745495495495496 0.19907407407407407 0.0777027027027027 0.4861111111111111 N 0.8817567567567568 0.16666666666666666 0.07995495495495496 0.5 B 0.2702702702702703 0.21296296296296297 0.08220720720720721 0.49537037037037035
